tree
version=v2
num_class=1
num_tree_per_iteration=1
label_index=0
max_feature_idx=1
objective=binary sigmoid:1
feature_names=Column_0 Column_1
feature_infos=[0:0.57142857142857106] [8:170]
tree_sizes=498 427 499 430 496

Tree=0
num_leaves=5
num_cat=0
split_feature=1 1 1 1
split_gain=38.5211 18.8911 16.6635 14.8942
threshold=38.500000000000007 16.500000000000004 25.500000000000004 18.500000000000004
decision_type=2 2 2 2
left_child=1 -1 3 -3
right_child=-2 2 -4 -5
leaf_value=-0.035849056603773584 0.0068456375838926182 -0.01337579617834395 -0.0162874251497006 0.010608695652173913
leaf_count=318 1490 471 1670 575
internal_value=0 -0.255768 -0.201767 -0.00382409
internal_count=4524 3034 2716 1046
shrinkage=0.05


Tree=1
num_leaves=4
num_cat=0
split_feature=0 0 0
split_gain=3.10455 1.43581 0.741149
threshold=0.10714285714285722 0.17857142857142852 1.0000000180025095e-35
decision_type=2 2 2
left_child=2 -2 -1
right_child=1 -3 -4
leaf_value=-0.0057208492979118515 -0.026282415797381539 -5.819017623331477e-05 0.0044403644173554198
leaf_count=4319 106 26 73
internal_value=0 -0.42234 -0.111039
internal_count=4524 132 4392
shrinkage=0.05


Tree=2
num_leaves=5
num_cat=0
split_feature=1 1 1 1
split_gain=34.879 17.0814 14.9755 13.4474
threshold=38.500000000000007 16.500000000000004 25.500000000000004 18.500000000000004
decision_type=2 2 2 2
left_child=1 -1 3 -3
right_child=-2 2 -4 -5
leaf_value=-0.033793324348951513 0.0068233182906718903 -0.012438835874950052 -0.015169954300291317 0.010351557788012691
leaf_count=318 1490 471 1670 575
internal_value=0 -0.237199 -0.185855 0.00179598
internal_count=4524 3034 2716 1046
shrinkage=0.05


Tree=3
num_leaves=4
num_cat=0
split_feature=0 0 0
split_gain=2.88535 1.27767 0.670201
threshold=0.10714285714285722 0.17857142857142852 1.0000000180025095e-35
decision_type=2 2 2
left_child=2 -2 -1
right_child=1 -3 -4
leaf_value=-0.0051445138592026663 -0.024865545681781245 -0.00012602132633362048 0.0045189287493345304
leaf_count=4319 106 26 73
internal_value=0 -0.399831 -0.0996778
internal_count=4524 132 4392
shrinkage=0.05


Tree=4
num_leaves=5
num_cat=0
split_feature=1 1 1 1
split_gain=31.6263 17.8014 8.44138 12.1423
threshold=48.500000000000007 16.500000000000004 25.500000000000004 18.500000000000004
decision_type=2 2 2 2
left_child=1 -1 3 -3
right_child=-2 2 -4 -5
leaf_value=-0.031892651670104855 0.011826753818451233 -0.011578388404589092 -0.010524803323194623 0.010079461155475727
leaf_count=318 883 471 2277 575
internal_value=0 -0.1854 -0.142159 0.00657582
internal_count=4524 3641 3323 1046
shrinkage=0.05



feature importances:
Column_1=12
Column_0=6

pandas_categorical:null
