tree
version=v2
num_class=1
num_tree_per_iteration=1
label_index=0
max_feature_idx=1
objective=binary sigmoid:1
feature_names=Column_0 Column_1
feature_infos=[0:0.57142857142857106] [8:178]
tree_sizes=499 504 499 502 502

Tree=0
num_leaves=5
num_cat=0
split_feature=1 1 1 1
split_gain=58.0027 22.1264 28.9999 14.083
threshold=37.500000000000007 16.500000000000004 25.500000000000004 66.500000000000014
decision_type=2 2 2 2
left_child=1 -1 -3 -2
right_child=3 2 -4 -5
leaf_value=-0.022790697674418603 0.00036855036855036854 -0.0007407407407407407 -0.012539325842696628 0.01136283185840708
leaf_count=387 1628 1296 1780 565
internal_value=0 -0.308981 -0.252276 0.106703
internal_count=5656 3463 3076 2193
shrinkage=0.03


Tree=1
num_leaves=5
num_cat=0
split_feature=1 1 1 1
split_gain=54.5768 20.8239 27.2878 13.2513
threshold=37.500000000000007 16.500000000000004 25.500000000000004 66.500000000000014
decision_type=2 2 2 2
left_child=1 -1 -3 -2
right_child=3 2 -4 -5
leaf_value=-0.014739917635334856 0.00023832835743990246 -0.00047901188709112278 -0.0081090861157150571 0.0073482042245716847
leaf_count=387 1628 1296 1780 565
internal_value=0 -0.299722 -0.244713 0.103503
internal_count=5656 3463 3076 2193
shrinkage=0.02


Tree=2
num_leaves=5
num_cat=0
split_feature=1 1 1 1
split_gain=51.3571 19.6075 25.6802 12.8726
threshold=37.500000000000007 16.500000000000004 25.500000000000004 17.500000000000004
decision_type=2 2 2 2
left_child=1 -1 3 -3
right_child=-2 2 -4 -5
leaf_value=-0.021454716586692686 0.0030120132637096648 -0.011338864062277165 -0.01180007566698028 0.0026630698622855031
leaf_count=387 2193 311 1780 985
internal_value=0 -0.29076 -0.237388 -0.0232321
internal_count=5656 3463 3076 1296
shrinkage=0.03


Tree=3
num_leaves=5
num_cat=0
split_feature=1 1 1 1
split_gain=48.3308 18.4701 24.1698 12.4703
threshold=37.500000000000007 16.500000000000004 25.500000000000004 66.500000000000014
decision_type=2 2 2 2
left_child=1 -1 -3 -2
right_child=3 2 -4 -5
leaf_value=-0.020823675261598593 0.00025640812232515463 -0.00067606170700107925 -0.01144816818959396 0.010602667352961462
leaf_count=387 1628 1296 1780 565
internal_value=0 -0.282084 -0.230292 0.0973895
internal_count=5656 3463 3076 2193
shrinkage=0.03


Tree=4
num_leaves=5
num_cat=0
split_feature=1 1 1 1
split_gain=45.5701 18.7796 18.1879 12.1123
threshold=39.500000000000007 16.500000000000004 25.500000000000004 17.500000000000004
decision_type=2 2 2 2
left_child=1 -1 3 -3
right_child=-2 2 -4 -5
leaf_value=-0.020215345324209589 0.0038163334394477112 -0.010978915022653269 -0.0096719704864633542 0.0026034555994558914
leaf_count=387 1844 311 2129 985
internal_value=0 -0.255804 -0.208643 -0.0218594
internal_count=5656 3812 3425 1296
shrinkage=0.03



feature importances:
Column_1=20

pandas_categorical:null
